5
959
2460
1 37 11
1 353 1
1 537 4
1 957 9
1 796 1
1 423 1
1 563 6
1 304 2
1 96 1
1 877 4
1 605 1
1 694 3
1 621 3
1 299 1
1 399 7
1 176 1
1 347 2
1 910 13
1 210 7
1 335 2
1 853 1
1 453 1
1 510 1
1 234 1
1 414 2
1 757 1
1 442 21
1 545 8
1 498 1
1 217 3
1 547 39
1 661 1
1 503 2
1 518 3
1 484 3
1 732 2
1 455 2
1 141 20
1 916 3
1 691 2
1 626 4
1 828 4
1 575 2
1 284 1
1 840 1
1 85 2
1 514 2
1 40 2
1 619 1
1 527 1
1 532 1
1 593 1
1 491 2
1 113 1
1 496 1
1 411 1
1 651 6
1 369 1
1 378 1
1 597 1
1 227 1
1 8 1
1 226 3
1 825 1
1 292 1
1 35 2
1 783 2
1 157 2
1 864 1
1 648 1
1 329 3
1 533 1
1 421 4
1 438 6
1 949 1
1 627 2
1 381 8
1 899 2
1 354 8
1 395 1
1 371 6
1 526 1
1 855 1
1 77 1
1 385 1
1 841 1
1 123 4
1 722 1
1 330 2
1 754 1
1 172 2
1 218 2
1 785 1
1 386 4
1 677 1
1 348 1
1 263 1
1 38 1
1 856 1
1 11 4
1 515 1
1 482 1
1 688 1
1 464 1
1 654 1
1 928 1
1 689 2
1 58 1
1 594 1
1 221 1
1 445 1
1 350 1
1 430 2
1 29 4
1 473 1
1 434 1
1 31 1
1 958 2
1 652 1
1 376 6
1 259 1
1 215 1
1 875 3
1 724 1
1 440 1
1 76 1
1 737 1
1 142 1
1 152 1
1 534 1
1 857 1
1 251 5
1 474 2
1 809 2
1 895 1
1 165 1
1 901 1
1 134 1
1 426 1
1 570 2
1 548 1
1 443 1
1 808 1
1 4 1
1 915 1
1 858 1
1 702 1
1 517 1
1 261 1
1 929 1
1 87 1
1 948 1
1 216 2
1 419 1
1 433 1
1 588 2
1 863 2
1 669 1
1 792 1
1 143 1
1 427 1
1 289 1
1 435 1
1 466 1
1 788 1
1 420 2
1 640 1
1 158 3
1 83 1
1 422 1
1 697 4
1 698 1
1 940 1
1 61 2
1 325 1
1 328 1
1 390 2
1 205 1
1 643 1
1 720 1
1 27 1
1 252 1
1 437 1
1 66 3
1 622 3
1 48 1
1 752 5
1 673 2
1 641 1
1 194 2
1 495 1
1 39 3
1 781 3
1 774 2
1 277 1
1 41 1
1 780 1
1 412 1
1 721 1
1 577 1
1 370 1
1 810 6
1 662 1
1 413 2
1 755 1
1 0 1
1 236 1
1 778 1
1 162 1
1 306 4
1 339 1
1 356 1
1 528 1
1 249 1
1 343 1
1 257 1
1 388 2
1 862 2
1 63 1
1 827 1
1 874 3
1 745 1
1 201 1
1 668 1
1 802 1
1 573 1
1 834 3
1 345 1
1 561 1
1 566 1
1 805 1
1 428 1
1 42 1
1 896 1
1 133 1
1 865 1
1 818 1
1 80 1
1 469 1
1 301 1
1 927 1
1 135 1
1 798 1
1 522 1
1 925 1
1 552 1
1 247 1
1 241 1
1 541 1
1 256 1
1 890 1
1 456 1
1 670 1
1 55 1
1 771 1
1 127 1
1 489 4
1 22 1
1 237 1
1 947 1
1 461 1
1 551 2
1 716 1
1 114 1
1 377 1
1 955 2
1 118 1
1 739 2
1 576 1
1 738 1
1 396 1
1 663 3
1 43 1
1 850 1
1 287 1
1 921 1
1 486 1
1 601 1
1 14 1
1 908 1
1 523 1
1 584 2
1 944 1
1 393 1
1 449 1
1 206 1
1 734 1
1 429 1
1 288 1
1 366 1
1 10 2
1 212 1
1 502 1
1 816 1
1 892 1
1 211 1
1 672 2
1 384 1
1 311 1
1 569 1
1 199 1
1 153 1
1 596 1
1 658 1
1 54 1
1 713 1
1 629 1
1 163 1
1 589 1
1 801 1
1 12 1
1 233 1
1 155 1
1 741 1
1 779 1
1 389 1
1 656 1
1 267 1
1 65 1
1 884 1
1 418 1
1 402 1
1 880 1
1 223 1
1 346 1
2 697 5
2 155 2
2 624 1
2 545 4
2 874 3
2 718 1
2 68 1
2 547 13
2 389 7
2 621 2
2 570 1
2 533 1
2 438 3
2 269 1
2 141 9
2 376 1
2 616 2
2 782 2
2 387 2
2 511 2
2 705 2
2 910 6
2 491 4
2 432 2
2 794 1
2 828 4
2 501 2
2 402 7
2 880 3
2 123 3
2 558 1
2 69 1
2 933 1
2 71 1
2 60 1
2 381 8
2 536 2
2 125 4
2 9 1
2 810 2
2 554 2
2 225 2
2 779 3
2 875 1
2 335 2
2 803 1
2 442 4
2 957 3
2 805 2
2 160 1
2 17 1
2 672 1
2 663 1
2 515 1
2 818 1
2 356 1
2 484 1
2 773 1
2 425 1
2 11 1
2 147 1
2 32 1
2 664 1
2 219 1
2 525 1
2 608 1
2 291 1
2 63 1
2 827 1
2 518 1
2 95 1
2 460 1
2 12 1
2 267 1
2 236 1
2 778 1
2 349 1
2 617 1
2 486 2
2 434 1
2 769 1
2 770 1
2 37 4
2 191 1
2 555 1
2 107 1
2 296 1
2 104 1
2 185 1
2 30 1
2 45 1
2 729 1
2 693 1
2 105 1
2 297 1
2 521 2
2 321 1
2 275 1
2 196 1
2 282 1
2 680 1
2 459 2
2 183 1
2 559 1
2 899 1
2 161 1
2 740 1
2 386 1
2 529 1
2 307 1
2 830 1
2 354 1
2 246 1
2 695 1
2 214 1
2 450 1
2 289 1
2 806 1
2 584 1
2 845 1
2 127 1
2 731 1
2 956 1
2 309 1
2 399 1
2 807 1
2 765 1
2 586 1
2 869 1
2 741 1
2 300 1
2 317 1
2 950 1
3 836 1
3 462 1
3 273 1
3 376 4
3 885 2
3 327 1
3 823 3
3 877 5
3 516 3
3 200 2
3 854 4
3 110 1
3 336 3
3 219 2
3 547 16
3 202 1
3 893 1
3 924 2
3 504 1
3 293 4
3 303 1
3 697 2
3 164 1
3 812 1
3 2 3
3 574 2
3 618 3
3 910 7
3 381 4
3 399 3
3 28 1
3 622 1
3 416 1
3 148 1
3 265 1
3 139 1
3 192 1
3 37 4
3 484 3
3 122 1
3 156 2
3 76 1
3 359 1
3 141 3
3 729 1
3 149 1
3 906 1
3 685 1
3 189 1
3 518 4
3 286 1
3 760 1
3 53 1
3 567 1
3 667 1
3 817 1
3 665 1
3 101 2
3 129 1
3 560 1
3 582 1
3 88 2
3 177 1
3 471 1
3 650 1
3 424 1
3 126 1
3 761 1
3 932 1
3 285 1
3 707 1
3 508 1
3 625 1
3 364 2
3 536 1
3 621 1
3 323 1
3 544 1
3 165 1
3 341 1
3 442 1
3 833 1
3 703 1
3 7 1
3 614 1
3 647 1
3 895 1
3 943 1
3 335 1
3 452 1
3 838 1
3 941 1
4 219 4
4 129 3
4 86 5
4 144 2
4 52 28
4 354 14
4 48 1
4 866 1
4 438 9
4 914 1
4 108 1
4 621 9
4 37 22
4 887 1
4 743 1
4 547 47
4 145 10
4 774 4
4 409 3
4 786 2
4 310 1
4 393 1
4 762 3
4 596 4
4 169 1
4 391 1
4 810 21
4 910 25
4 793 1
4 329 1
4 308 1
4 141 27
4 824 1
4 767 1
4 879 2
4 754 1
4 175 1
4 904 1
4 131 2
4 381 25
4 485 1
4 270 1
4 683 4
4 442 27
4 814 3
4 238 1
4 379 2
4 641 1
4 181 1
4 289 7
4 575 3
4 313 4
4 862 7
4 773 2
4 54 5
4 711 2
4 197 4
4 56 1
4 2 4
4 170 2
4 735 2
4 1 1
4 305 2
4 383 1
4 172 8
4 874 8
4 785 2
4 401 3
4 838 2
4 182 2
4 806 6
4 934 1
4 748 1
4 607 1
4 584 14
4 484 4
4 50 1
4 635 1
4 220 1
4 386 2
4 491 2
4 228 4
4 692 1
4 723 1
4 179 12
4 212 1
4 585 10
4 49 1
4 856 7
4 797 3
4 811 11
4 344 2
4 425 1
4 11 1
4 392 4
4 888 3
4 221 2
4 190 2
4 878 4
4 88 1
4 193 2
4 191 1
4 716 7
4 877 6
4 590 1
4 123 2
4 523 1
4 251 1
4 583 1
4 471 1
4 549 1
4 475 2
4 819 1
4 204 1
4 908 4
4 97 1
4 881 2
4 25 5
4 851 3
4 38 1
4 226 9
4 146 1
4 352 1
4 278 1
4 156 2
4 279 1
4 645 1
4 685 1
4 431 1
4 842 2
4 916 1
4 707 1
4 415 1
4 67 1
4 725 1
4 727 1
4 519 1
4 458 1
4 678 1
4 312 1
4 390 1
4 161 2
4 453 1
4 816 1
4 363 2
4 827 9
4 591 5
4 820 1
4 694 4
4 921 14
4 758 8
4 900 1
4 426 1
4 12 1
4 686 1
4 315 1
4 98 1
4 322 2
4 628 1
4 883 1
4 29 9
4 447 3
4 403 4
4 818 1
4 283 1
4 81 1
4 839 1
4 909 2
4 343 2
4 690 1
4 331 2
4 821 1
4 753 1
4 376 3
4 531 1
4 125 3
4 36 1
4 739 1
4 704 1
4 867 1
4 886 4
4 533 2
4 264 5
4 173 3
4 355 1
4 76 1
4 681 5
4 763 1
4 20 2
4 127 3
4 550 1
4 410 2
4 759 2
4 911 1
4 5 1
4 40 2
4 545 1
4 107 1
4 579 1
4 894 1
4 488 2
4 467 2
4 634 3
4 631 1
4 132 1
4 406 2
4 697 4
4 89 1
4 318 1
4 285 1
4 361 1
4 568 1
4 46 1
4 789 3
4 57 1
4 266 1
4 314 1
4 371 8
4 930 2
4 72 1
4 950 3
4 244 1
4 70 1
4 346 1
4 805 1
4 294 1
4 457 2
4 188 1
4 399 1
4 489 2
4 644 2
4 693 5
4 526 1
4 332 1
4 439 1
4 659 2
4 324 2
4 863 2
4 630 1
4 136 1
4 638 1
4 339 1
4 941 1
4 326 2
4 394 1
4 112 3
4 942 1
4 90 2
4 130 2
4 639 1
4 195 1
4 429 1
4 553 1
4 13 1
4 374 1
4 84 1
4 372 1
4 913 1
4 542 1
4 397 1
4 500 1
4 609 3
4 657 3
4 746 1
4 206 1
4 518 4
4 612 2
4 728 1
4 356 2
4 712 1
4 119 5
4 423 1
4 400 1
4 952 1
4 106 1
4 436 1
4 120 1
4 483 1
4 600 1
4 335 2
4 679 4
4 128 2
4 831 1
4 159 1
4 613 1
4 198 1
4 561 1
4 249 3
4 375 1
4 937 1
4 492 1
4 815 1
4 775 1
4 660 2
4 726 1
4 847 1
4 451 1
4 295 1
4 876 2
4 365 1
4 64 1
4 470 1
4 729 5
4 636 1
4 722 1
4 706 1
4 248 1
4 92 1
4 298 1
4 835 1
4 316 1
4 669 1
4 642 1
4 592 1
4 468 1
4 342 1
4 623 1
4 732 1
4 562 1
4 231 1
4 124 2
4 868 1
4 580 1
4 747 1
4 280 1
4 319 1
4 777 1
4 507 1
4 936 1
4 207 1
4 764 1
4 603 1
4 478 1
4 364 1
4 91 1
4 23 1
4 448 2
4 864 1
4 157 1
4 268 1
4 105 1
4 664 2
4 569 1
4 825 1
4 846 1
4 696 3
4 174 2
4 598 1
4 859 1
4 951 1
4 230 1
4 138 1
4 919 1
4 750 1
4 527 1
4 100 1
4 674 1
4 899 1
4 849 1
4 281 1
4 497 1
4 736 1
4 655 1
4 441 1
4 73 1
4 443 2
4 290 2
4 766 1
4 760 1
4 610 1
4 218 1
4 26 1
4 239 1
4 799 2
4 184 1
4 581 1
4 111 1
4 905 1
4 253 1
4 889 1
4 918 1
4 404 1
4 233 1
4 733 1
4 93 1
4 557 2
4 274 1
4 730 1
4 357 1
4 47 1
4 360 1
4 187 1
4 486 2
4 708 1
4 829 1
4 74 1
4 103 1
4 24 1
4 907 1
4 632 1
4 917 1
4 512 2
4 358 1
4 539 2
4 637 1
4 99 1
4 756 1
4 121 1
4 338 1
4 717 1
4 898 1
4 463 1
4 487 1
4 367 1
4 559 1
4 382 1
4 78 1
4 186 1
4 633 1
4 572 1
4 94 1
4 505 1
4 813 1
4 6 1
4 676 1
4 538 1
4 490 1
4 180 1
4 16 1
4 953 1
4 640 1
4 543 1
4 476 1
4 790 1
4 776 1
4 860 1
4 701 1
4 684 1
4 59 1
4 51 1
4 935 1
4 407 1
4 870 1
4 31 1
4 137 1
4 168 1
4 271 1
4 118 1
4 341 1
4 243 1
4 154 1
4 599 1
4 946 1
4 744 1
4 477 1
4 368 1
4 495 1
4 242 1
4 927 1
5 547 17
5 44 3
5 166 2
5 524 2
5 700 1
5 832 2
5 37 10
5 251 2
5 537 2
5 871 1
5 21 1
5 486 2
5 15 1
5 116 3
5 810 3
5 153 3
5 910 8
5 630 1
5 596 3
5 848 1
5 827 1
5 773 1
5 249 1
5 340 1
5 518 3
5 697 2
5 405 1
5 877 5
5 768 2
5 354 3
5 795 1
5 302 1
5 442 13
5 465 5
5 675 2
5 744 1
5 936 1
5 229 1
5 380 1
5 520 1
5 224 1
5 844 1
5 381 9
5 515 1
5 843 2
5 602 2
5 351 1
5 760 4
5 399 2
5 489 2
5 646 1
5 826 1
5 687 1
5 491 1
5 140 1
5 408 1
5 172 9
5 612 1
5 607 1
5 254 1
5 677 1
5 272 2
5 523 2
5 425 2
5 141 9
5 444 1
5 804 1
5 123 3
5 203 1
5 920 3
5 88 1
5 493 1
5 479 1
5 772 1
5 226 3
5 75 1
5 666 3
5 742 3
5 653 1
5 787 1
5 102 1
5 556 1
5 393 3
5 571 1
5 115 1
5 620 1
5 861 1
5 499 1
5 109 2
5 875 1
5 250 1
5 93 2
5 872 1
5 545 1
5 785 1
5 604 1
5 213 1
5 337 1
5 837 1
5 29 8
5 222 1
5 498 1
5 915 1
5 616 1
5 258 1
5 611 1
5 33 4
5 954 2
5 873 2
5 854 1
5 219 3
5 79 1
5 891 1
5 874 3
5 480 1
5 851 2
5 255 3
5 34 1
5 791 1
5 629 1
5 509 1
5 719 1
5 417 1
5 904 1
5 494 1
5 334 1
5 912 1
5 95 1
5 822 1
5 27 1
5 536 1
5 280 2
5 784 1
5 634 1
5 502 1
5 902 1
5 235 1
5 438 1
5 197 2
5 362 1
5 540 1
5 371 1
5 899 1
5 473 1
5 373 1
5 161 1
5 709 1
5 242 2
5 289 1
5 908 2
5 446 1
5 127 1
5 386 1
5 117 1
5 671 1
5 24 1
5 823 1
5 564 1
5 800 1
5 53 1
5 151 1
5 587 1
5 852 1
5 335 1
5 414 1
5 750 2
5 926 1
5 654 1
5 208 1
5 333 1
5 513 1
5 752 1
5 945 1
5 683 1
5 749 1
5 118 1
5 649 4
5 171 1
5 682 2
5 546 1
5 82 1
5 18 1
5 548 1
5 950 1
5 882 1
5 606 1
5 19 1
5 322 1
5 615 1
5 472 1
5 11 2
5 167 1
5 178 1
5 150 1
5 233 1
5 535 1
5 938 1
5 66 1
5 578 1
5 939 1
5 86 1
5 240 1
5 903 1
5 260 1
5 922 1
5 209 1
5 157 1
5 897 1
5 516 1
5 62 1
5 488 1
5 621 1
5 506 1
5 236 1
5 778 1
5 931 1
5 715 1
5 339 1
5 54 2
5 751 1
5 398 1
5 330 1
5 285 1
5 276 1
5 710 1
5 481 1
5 869 1
5 451 2
5 584 1
5 262 1
5 565 2
5 454 1
5 530 2
5 856 2
5 716 1
5 3 1
5 232 1
5 595 1
5 320 1
5 245 1
5 699 1
5 714 1
5 923 1
